 5.27 5.45
 5.50 6.08
 6.05 6.23
 6.19 6.37
 6.35 6.55
 6.50 7.10
 7.05 7.25
 7.21 7.42
 7.36 7.57
 7.52 8.15
 8.09 8.32
 8.20 8.43
 8.35 8.59
 8.51 9.15
 9.05 9.29
 9.20 9.44
 9.32 9.56
 9.46 10.10
 10.02 10.26
 10.17 10.41
 10.32 10.56
 10.47 11.11
 11.02 11.27
 11.17 11.42
 11.32 11.57
 11.47 12.12
 12.02 12.28
 12.17 12.43
 12.32 12.58
 12.47 1.13
 1.02 1.28
 1.17 1.43
 1.32 1.58
 1.47 2.13
 2.02 2.28
 2.17 2.43
 2.32 2.58
 2.47 3.13
 2.59 3.25
 3.17 3.43
 3.29 3.55
 3.39 4.04
 3.50 4.15
 4.00 4.25
 4.10 4.35
 4.20 4.45
 4.27 4.52
 4.37 5.02
 4.46 5.11
 4.56 5.21
 5.06 5.31
 5.16 5.41
 5.26 5.51
 5.35 6.00
 5.44 6.09
 5.56 6.21
 6.07 6.32
 6.18 6.41
 6.30 6.52
 6.44 7.06
 6.54 7.16
 7.06 7.28
 7.17 7.39
 7.31 7.53
 7.47 8.09
 8.02 8.23
 8.17 8.38
 8.32 8.53
 8.47 9.08
 9.02 9.22
 9.17 9.37
 9.32 9.52
 9.47 10.07
 10.05 10.23
 10.29 10.47
 10.58 11.16
 11.27 11.43
 11.57 12.13
 12.30 12.46
 12.56 1.12
 1.25 1.40
 2.05 2.20