 5.06 5.26 5.38
 5.21 5.41 5.53
 5.36 5.56 6.08
 5.50 6.10 6.22
 6.02 6.22 6.34
 6.14 6.34 6.46
 6.24 6.44 6.56
 6.32 6.54 7.07
 6.43 7.05 7.18
 6.49 7.11 7.24
 6.54 7.16 7.29
 6.59 7.21 7.34
 7.04 7.28 7.41
 7.09 7.33 7.46
 7.14 7.38 7.51
 7.19 7.43 7.56
 7.24 7.48 8.01
 7.29 7.53 8.06
 7.34 8.00 8.15
 7.39 8.05 8.20
 7.44 8.10 8.25
 7.50 8.16 8.31
 7.55 8.21 8.36
 8.00 8.27 8.42
 8.04 8.31 8.46
 8.08 8.35 8.50
 8.12 8.39 8.54
 8.16 8.43 8.59
 8.20 8.47 9.03
 8.24 8.51 9.07
 8.28 8.55 9.11
 8.32 8.58 9.12
 8.36 9.02 9.16
 8.38 9.04 9.18
 8.40 9.06 9.20
 8.43 9.09 9.23
 8.46 9.12 9.26
 8.49 9.15 9.29
 8.52 9.18 9.32
 8.56 9.22 9.36
 9.00 9.26 9.40
 9.06 9.32 9.46
 9.12 9.38 9.52
 9.18 9.44 9.58
 9.24 9.50 10.04
 9.30 9.56 10.10
 9.36 10.02 10.16
 9.42 10.08 10.22
 9.48 10.14 10.28
 9.54 10.20 10.34
 10.00 10.26 10.40
 10.06 10.32 10.46
 10.12 10.38 10.52
 10.20 10.46 11.00
 10.28 10.54 11.08
 10.36 11.02 11.16
 10.44 11.10 11.24
 10.52 11.18 11.32
 11.00 11.26 11.40
 11.08 11.34 11.48
 11.16 11.42 11.56
 11.24 11.50 12.04
 11.32 11.58 12.13
 11.40 12.06 12.21
 11.48 12.14 12.29
 11.56 12.22 12.37
 12.04 12.30 12.45
 12.12 12.38 12.53
 12.20 12.46 1.01
 12.28 12.54 1.09
 12.36 1.02 1.17
 12.44 1.10 1.25
 12.52 1.18 1.33
 1.00 1.26 1.41
 1.08 1.34 1.49
 1.16 1.42 1.57
 1.24 1.50 2.05
 1.32 1.59 2.15
 1.40 2.07 2.23
 1.48 2.15 2.31
 1.56 2.23 2.39
 2.04 2.33 2.49
 2.12 2.41 2.57
 2.20 2.49 3.05
 2.28 2.57 3.13
 2.36 3.08 3.26
 2.44 3.16 3.34
 2.47 3.20 3.38
 2.50 3.23 3.41
 2.52 3.25 3.43
 2.56 3.29 3.47
 2.59 3.32 3.50
 3.02 3.35 3.53
 3.05 3.38 3.56
 3.08 3.41 3.59
 3.12 3.45 4.03
 3.16 3.49 4.07
 3.20 3.53 4.11
 3.24 3.57 4.15
 3.28 4.01 4.19
 3.32 4.04 4.22
 3.36 4.08 4.26
 3.40 4.12 4.30
 3.44 4.16 4.34
 3.48 4.20 4.38
 3.52 4.24 4.42
 3.56 4.28 4.46
 4.00 4.32 4.50
 4.04 4.36 4.54
 4.08 4.40 4.58
 4.12 4.44 5.02
 4.16 4.48 5.06
 4.20 4.52 5.10
 4.24 4.56 5.14
 4.28 5.00 5.18
 4.32 5.03 5.20
 4.36 5.07 5.24
 4.40 5.11 5.28
 4.44 5.15 5.32
 4.48 5.19 5.36
 4.52 5.23 5.40
 4.56 5.27 5.44
 5.00 5.31 5.48
 5.04 5.35 5.52
 5.08 5.39 5.56
 5.12 5.43 6.00
 5.16 5.45 6.02
 5.20 5.49 6.06
 5.24 5.53 6.10
 5.28 5.57 6.14
 5.32 6.01 6.18
 5.36 6.05 6.22
 5.40 6.09 6.26
 5.45 6.13 6.29
 5.50 6.18 6.34
 5.55 6.23 6.39
 6.00 6.27 6.43
 6.05 6.32 6.48
 6.10 6.37 6.53
 6.15 6.42 6.58
 6.20 6.47 7.03
 6.26 6.53 7.09
 6.31 6.57 7.11
 6.36 7.02 7.16
 6.41 7.07 7.21
 6.46 7.12 7.26
 6.51 7.17 7.31
 6.57 7.23 7.37
 7.05 7.31 7.45
 7.13 7.39 7.53
 7.21 7.47 8.01
 7.29 7.55 8.09
 7.38 8.03 8.17
 7.48 8.13 8.27
 7.58 8.23 8.37
 8.08 8.32 8.45
 8.18 8.42 8.55
 8.28 8.52 9.05
 8.38 9.02 9.15
 8.48 9.12 9.25
 9.00 9.23 9.36
 9.15 9.38 9.51
 9.30 9.53 10.06
 9.45 10.08 10.21
 10.00 10.23 10.36
 10.15 10.38 10.51
 10.30 10.53 11.06
 10.45 11.08 11.21
 11.00 11.22 11.35
 11.15 11.37 11.50
 11.30 11.52 12.05
 11.46 12.08 12.21
 12.01 12.21 12.32
 12.16 12.36 12.47
 12.31 12.51 1.02
 12.46 1.06 1.17
 1.01 1.21 1.32